%YAML:1.0
---
CameraIntrincyMatrix: !!opencv-matrix
   rows: 3
   cols: 3
   dt: d
   data: [ 2.7857401739621691e+03, 0., 320., 0., 2.8789893107473013e+03,
       240., 0., 0., 1. ]
DistortExtrincyMatrix: !!opencv-matrix
   rows: 1
   cols: 5
   dt: d
   data: [ 1.0360559761830352e+00, -3.4182199891338733e+01,
       -1.1261096139339004e-02, -1.3359825124595003e-03,
       -3.6943941669966190e-01 ]
