%YAML:1.0
---
CameraIntrincyMatrix: !!opencv-matrix
   rows: 3
   cols: 3
   dt: d
   data: [ 5.8576000590098681e+02, 0., 320., 0., 5.8899989560653864e+02,
       240., 0., 0., 1. ]
DistortExtrincyMatrix: !!opencv-matrix
   rows: 1
   cols: 5
   dt: d
   data: [ 1.6170055508799488e-01, -2.7200057400110422e+00,
       -2.6317426050282994e-03, 9.0825091969611929e-03,
       1.1491579874041998e+01 ]
