%YAML:1.0
---
CameraIntrincyMatrix: !!opencv-matrix
   rows: 3
   cols: 3
   dt: d
   data: [ 2.8011276944518186e+03, 0., 320., 0., 2.8783569577246280e+03,
       240., 0., 0., 1. ]
DistortExtrincyMatrix: !!opencv-matrix
   rows: 1
   cols: 5
   dt: d
   data: [ 1.7925360562075024e-01, 1.7603554473108235e+02,
       -2.0060970620329622e-02, -1.1804942500959075e-02,
       1.4445081884682405e+00 ]
