%YAML:1.0
---
CameraIntrincyMatrix: !!opencv-matrix
   rows: 3
   cols: 3
   dt: d
   data: [ 1.1425768271108259e+03, 0., 320., 0., 1.1433432332856323e+03,
       240., 0., 0., 1. ]
DistortExtrincyMatrix: !!opencv-matrix
   rows: 1
   cols: 5
   dt: d
   data: [ 3.9986176448899474e-01, -5.3776568374432955e+01,
       -1.2286325803837936e-02, 2.1454705271723149e-03,
       1.1442593486031981e+03 ]
