%YAML:1.0
---
CameraIntrincyMatrix: !!opencv-matrix
   rows: 3
   cols: 3
   dt: d
   data: [ 2.8428483039082284e+03, 0., 320., 0., 2.9553926406239011e+03,
       240., 0., 0., 1. ]
DistortExtrincyMatrix: !!opencv-matrix
   rows: 1
   cols: 5
   dt: d
   data: [ 4.2486112468996473e-01, 8.1397222383508819e+01,
       -1.5079939606939556e-02, -2.2293814784577971e-02,
       6.8594148271024358e-01 ]
