%YAML:1.0
---
CameraIntrincyMatrix: !!opencv-matrix
   rows: 3
   cols: 3
   dt: d
   data: [ 6.8910744012079590e+02, 0., 320., 0., 6.9534616312760750e+02,
       240., 0., 0., 1. ]
DistortExtrincyMatrix: !!opencv-matrix
   rows: 1
   cols: 5
   dt: d
   data: [ 5.6426045592626130e-02, -1.0483825868746020e+00,
       -4.5124736220616317e-03, 4.4704770970242598e-03,
       5.5624647068429454e+00 ]
