%YAML:1.0
---
CameraIntrincyMatrix: !!opencv-matrix
   rows: 3
   cols: 3
   dt: d
   data: [ 2.7843615687834654e+03, 0., 320., 0., 2.9056241004049471e+03,
       240., 0., 0., 1. ]
DistortExtrincyMatrix: !!opencv-matrix
   rows: 1
   cols: 5
   dt: d
   data: [ -7.1829996722822576e-01, 1.1501812450356462e+02,
       1.5333716192209410e-03, -1.8462161896954217e-02,
       1.0416285543686841e+00 ]
