%YAML:1.0
---
CameraIntrincyMatrix: !!opencv-matrix
   rows: 3
   cols: 3
   dt: d
   data: [ 4.0199647858627573e+03, 0., 320., 0., 4.2402221589941018e+03,
       240., 0., 0., 1. ]
DistortExtrincyMatrix: !!opencv-matrix
   rows: 1
   cols: 5
   dt: d
   data: [ 1.7890879353821396e+00, 1.8149025201804464e-01,
       -1.4217192223028101e-02, -3.5044852569815030e-02,
       6.9894321546591631e-04 ]
