%YAML:1.0
---
CordinatesRotateMatrix: !!opencv-matrix
   rows: 2
   cols: 2
   dt: d
   data: [ 9.9870554016287616e-01, 5.0864958940097980e-02,
       -5.0864958940097980e-02, 9.9870554016287616e-01 ]
CordinatesTranferMatrix: !!opencv-matrix
   rows: 2
   cols: 1
   dt: d
   data: [ -1.9439736610802635e+02, -1.8613569012708368e+01 ]
CordinatesScaleMatrix: !!opencv-matrix
   rows: 2
   cols: 2
   dt: d
   data: [ 5.2563531492668780e-01, 0., 0., 5.2563531492668780e-01 ]
