%YAML:1.0
---
CordinatesRotateMatrix: !!opencv-matrix
   rows: 2
   cols: 2
   dt: d
   data: [ -9.9996625199663602e-01, -8.2155260209039131e-03,
       8.2155260209039131e-03, -9.9996625199663602e-01 ]
CordinatesTranferMatrix: !!opencv-matrix
   rows: 2
   cols: 1
   dt: d
   data: [ 1.8129771135675028e+02, 2.6507284259555308e+02 ]
CordinatesScaleMatrix: !!opencv-matrix
   rows: 2
   cols: 2
   dt: d
   data: [ 5.3879711357871973e-01, 0., 0., 5.3879711357871973e-01 ]
