%YAML:1.0
---
CordinatesRotateMatrix: !!opencv-matrix
   rows: 2
   cols: 2
   dt: d
   data: [ 9.9754163207927593e-01, 7.0076331729154506e-02,
       -7.0076331729154506e-02, 9.9754163207927593e-01 ]
CordinatesTranferMatrix: !!opencv-matrix
   rows: 2
   cols: 1
   dt: d
   data: [ -1.7572322191008220e+02, 3.4219776603817941e+01 ]
CordinatesScaleMatrix: !!opencv-matrix
   rows: 2
   cols: 2
   dt: d
   data: [ 4.8945735020726450e-01, 0., 0., 4.8945735020726450e-01 ]
