%YAML:1.0
---
CordinatesRotateMatrix: !!opencv-matrix
   rows: 2
   cols: 2
   dt: d
   data: [ -9.9788618254969574e-01, -6.4985895980553252e-02,
       6.4985895980553252e-02, -9.9788618254969574e-01 ]
CordinatesTranferMatrix: !!opencv-matrix
   rows: 2
   cols: 1
   dt: d
   data: [ 1.7638792547217867e+02, 2.5376594108881548e+02 ]
CordinatesScaleMatrix: !!opencv-matrix
   rows: 2
   cols: 2
   dt: d
   data: [ 5.4466621400826853e-01, 0., 0., 5.4466621400826853e-01 ]
