%YAML:1.0
---
CordinatesRotateMatrix: !!opencv-matrix
   rows: 2
   cols: 2
   dt: d
   data: [ -9.9999435255969360e-01, -3.3607809686575325e-03,
       3.3607809686575325e-03, -9.9999435255969360e-01 ]
CordinatesTranferMatrix: !!opencv-matrix
   rows: 2
   cols: 1
   dt: d
   data: [ 1.7142917802402195e+02, 2.6985819354040717e+02 ]
CordinatesScaleMatrix: !!opencv-matrix
   rows: 2
   cols: 2
   dt: d
   data: [ 5.4625125657678464e-01, 0., 0., 5.4625125657678464e-01 ]
