%YAML:1.0
---
CordinatesRotateMatrix: !!opencv-matrix
   rows: 2
   cols: 2
   dt: d
   data: [ -9.9937908242940954e-01, 3.5234210684381484e-02,
       -3.5234210684381484e-02, -9.9937908242940954e-01 ]
CordinatesTranferMatrix: !!opencv-matrix
   rows: 2
   cols: 1
   dt: d
   data: [ 1.4679998297529824e+02, 2.6679221973433312e+02 ]
CordinatesScaleMatrix: !!opencv-matrix
   rows: 2
   cols: 2
   dt: d
   data: [ 5.5103404018535540e-01, 0., 0., 5.5103404018535540e-01 ]
