%YAML:1.0
---
CordinatesRotateMatrix: !!opencv-matrix
   rows: 2
   cols: 2
   dt: d
   data: [ 9.9986568647589569e-01, 1.6389295533544616e-02,
       -1.6389295533544616e-02, 9.9986568647589569e-01 ]
CordinatesTranferMatrix: !!opencv-matrix
   rows: 2
   cols: 1
   dt: d
   data: [ -2.0748142415929553e+02, 7.1028129484187829e+01 ]
CordinatesScaleMatrix: !!opencv-matrix
   rows: 2
   cols: 2
   dt: d
   data: [ 6.7176735812823041e-01, 0., 0., 6.7176735812823041e-01 ]
