%YAML:1.0
---
CordinatesRotateMatrix: !!opencv-matrix
   rows: 2
   cols: 2
   dt: d
   data: [ -9.9999878584574275e-01, 1.5583026151309574e-03,
       -1.5583026151309574e-03, -9.9999878584574275e-01 ]
CordinatesTranferMatrix: !!opencv-matrix
   rows: 2
   cols: 1
   dt: d
   data: [ 1.8597944223388771e+02, 2.6679372235696769e+02 ]
CordinatesScaleMatrix: !!opencv-matrix
   rows: 2
   cols: 2
   dt: d
   data: [ 5.5074529327864175e-01, 0., 0., 5.5074529327864175e-01 ]
